{
    "Frame 0-1": {
        "Fundamental Matrix": [
            [
                -5.782897522381619e-07,
                -0.0019578168014672366,
                0.15943133590641168
            ],
            [
                0.0019578835147767556,
                -2.5644543016370424e-06,
                -4.438681753802072
            ],
            [
                -0.15864133654271614,
                4.44098383982135,
                1.0
            ]
        ],
        "Essential Matrix": [
            [
                -1.1628661544252248,
                -3973.8170366571408,
                -1965.7766253632226
            ],
            [
                3973.952445897545,
                -5.253906777171245,
                -2619.5215094793025
            ],
            [
                1964.7846836622377,
                2617.1509504110177,
                1.3151706369508247
            ]
        ],
        "Rotation Matrix 1": [
            [
                -0.48278087917870655,
                -0.38783402027656644,
                0.7851798490890803
            ],
            [
                -0.3885987639157188,
                -0.7086107990639636,
                -0.5889496889659644
            ],
            [
                0.7848016458842391,
                -0.5894535674385613,
                0.19139192368368885
            ]
        ],
        "Rotation Matrix 2": [
            [
                0.9999996042424624,
                -0.0008544504421038324,
                0.0002478494720242752
            ],
            [
                0.0008544166018313593,
                0.9999996256550081,
                0.00013660934808318315
            ],
            [
                -0.00024796610516081286,
                -0.00013639752731564592,
                0.9999999599542618
            ]
        ],
        "Translation Vector": [
            0.5087952944193737,
            -0.38142953800966684,
            0.7717764287087517
        ]
    },
    "Frame 1-2": {
        "Fundamental Matrix": [
            [
                1.1468962061002124e-07,
                0.0013545685772031121,
                -0.7848408609764171
            ],
            [
                -0.001353598049215795,
                1.2508408883318985e-07,
                2.72270020248869
            ],
            [
                0.7840910301264938,
                -2.724648506904899,
                1.0
            ]
        ],
        "Essential Matrix": [
            [
                0.23062604439225315,
                2749.3929387959793,
                403.0119719725344
            ],
            [
                -2747.4230401580357,
                0.2562651015529774,
                1313.8963251326804
            ],
            [
                -402.55555725312445,
                -1314.55019146261,
                -0.2342633696393932
            ]
        ],
        "Rotation Matrix 1": [
            [
                -0.6341940411495081,
                -0.11207559889625712,
                0.7650078289158233
            ],
            [
                -0.11214912554235686,
                -0.9656397557329263,
                -0.23444068714312238
            ],
            [
                0.7649970534652674,
                -0.23447584583513084,
                0.5998337985720369
            ]
        ],
        "Rotation Matrix 2": [
            [
                0.9999999943914667,
                -8.171380183771143e-05,
                -6.737893963043584e-05
            ],
            [
                8.172023138958151e-05,
                0.9999999921077906,
                9.542653022624747e-05
            ],
            [
                6.737114143395839e-05,
                -9.543203591363958e-05,
                0.9999999931769278
            ]
        ],
        "Translation Vector": [
            0.4276468023464857,
            -0.13101281459135533,
            0.8944013947080344
        ]
    },
    "Frame 2-3": {
        "Fundamental Matrix": [
            [
                -1.3380462160722533e-08,
                -0.0014348355060836214,
                0.1433018649772129
            ],
            [
                0.0014354173158192417,
                7.956274979536547e-07,
                -2.2478324442781767
            ],
            [
                -0.14386371584069355,
                2.24596694514603,
                1.0
            ]
        ],
        "Essential Matrix": [
            [
                -0.026906384761360203,
                -2912.3122115422716,
                -1402.37337619665
            ],
            [
                2913.493121542517,
                1.6300359499227848,
                -477.0044697142739
            ],
            [
                1402.177078764936,
                477.24197097095947,
                -0.13743127691850532
            ]
        ],
        "Rotation Matrix 1": [
            [
                -0.9573656346154131,
                -0.12550313009977254,
                0.2601922481408436
            ],
            [
                -0.1251033336423225,
                -0.63173111389748,
                -0.7650261143552073
            ],
            [
                0.2603847107051498,
                -0.764960629097347,
                0.5890967988047354
            ]
        ],
        "Rotation Matrix 2": [
            [
                0.9999999274773239,
                0.00031485507596917817,
                -0.00021426998795365249
            ],
            [
                -0.00031480283672692677,
                0.9999999207325351,
                0.00024379109410005428
            ],
            [
                0.00021434672983247638,
                -0.00024372362361968491,
                0.999999947327136
            ]
        ],
        "Translation Vector": [
            0.1458409546867195,
            -0.42902320013556644,
            0.8914423759736262
        ]
    },
    "Frame 3-4": {
        "Fundamental Matrix": [
            [
                -2.4776190488726555e-06,
                -0.023291677751646252,
                6.630758061504404
            ],
            [
                0.023261922752979235,
                4.548200416302237e-05,
                -3.87343307980431
            ],
            [
                -6.615745346435574,
                3.853398527513034,
                1.0
            ]
        ],
        "Essential Matrix": [
            [
                -4.982172560281968,
                -47275.54988416462,
                -16664.933717327607
            ],
            [
                47215.15561206516,
                93.1809195269703,
                38902.896232232655
            ],
            [
                16643.55783584399,
                -38885.61914775453,
                -2.1831341934102966
            ]
        ],
        "Rotation Matrix 1": [
            [
                0.9999998925597562,
                0.000421341407625897,
                0.0001932663807264201
            ],
            [
                -0.00042124255248529585,
                0.9999997805876898,
                -0.0005112526619499014
            ],
            [
                -0.00019348175023736758,
                0.0005111711949974396,
                0.9999998506343996
            ]
        ],
        "Rotation Matrix 2": [
            [
                -0.24780226746832695,
                0.32158045916589634,
                -0.9138818547931711
            ],
            [
                0.3225907982087659,
                -0.8620849912413601,
                -0.39082559382340293
            ],
            [
                -0.9135257047005227,
                -0.3916573453403312,
                0.10988771856935353
            ]
        ],
        "Translation Vector": [
            -0.6132522448717378,
            -0.2626586373647879,
            0.7449376647595737
        ]
    },
    "Frame 4-5": {
        "Fundamental Matrix": [
            [
                -8.788704678134388e-07,
                0.008036594937841215,
                -3.5631304643479624
            ],
            [
                -0.008040791553943051,
                -5.592140150478381e-06,
                12.720537403092129
            ],
            [
                3.56366833421677,
                -12.710634796571062,
                1.0
            ]
        ],
        "Essential Matrix": [
            [
                -1.767295230788059,
                16312.025648555245,
                3938.4532166990084
            ],
            [
                -16320.543598012666,
                -11.456855759423922,
                2855.1610771920077
            ],
            [
                -3945.7099593133103,
                -2861.6286853887304,
                0.07115891223929793
            ]
        ],
        "Rotation Matrix 1": [
            [
                0.9999998966857936,
                0.00039453403708885476,
                0.00022576823404577007
            ],
            [
                -0.0003944747417004915,
                0.9999998877095173,
                -0.0002626226014513233
            ],
            [
                -0.00022587182224945157,
                0.00026253351445298945,
                0.999999940029035
            ]
        ],
        "Rotation Matrix 2": [
            [
                -0.9436389417752536,
                -0.078098912424195,
                0.3216303894899192
            ],
            [
                -0.07735871034430683,
                -0.8928022200277734,
                -0.4437564938649855
            ],
            [
                0.3218092253170266,
                -0.4436268204151291,
                0.8364413109771766
            ]
        ],
        "Translation Vector": [
            0.16793295829272786,
            -0.23167319306247958,
            0.958188944381685
        ]
    },
    "Frame 5-6": {
        "Fundamental Matrix": [
            [
                1.9717374470516172e-08,
                0.0008827644104089358,
                -0.5261538672033127
            ],
            [
                -0.0008823895556089813,
                6.128475830685414e-08,
                2.113540236102227
            ],
            [
                0.5256955528442697,
                -2.1145003709661316,
                1.0
            ]
        ],
        "Essential Matrix": [
            [
                0.03964909863463798,
                1791.763279796498,
                241.72279871019782
            ],
            [
                -1791.0024300636649,
                0.1255566951612829,
                1341.2160943167103
            ],
            [
                -241.87869286782984,
                -1341.7365216342812,
                0.09887862735035924
            ]
        ],
        "Rotation Matrix 1": [
            [
                -0.28970566385848834,
                -0.12798369292513057,
                0.9485203227520002
            ],
            [
                -0.12807705565338223,
                -0.9769225556669808,
                -0.17093445540397983
            ],
            [
                0.9485077206557009,
                -0.17100437004457117,
                0.26662822296633637
            ]
        ],
        "Rotation Matrix 2": [
            [
                0.9999999999077702,
                6.794658148484567e-06,
                -1.1759760716656409e-05
            ],
            [
                -6.795897415229346e-06,
                0.9999999944238941,
                -0.0001053851395418498
            ],
            [
                1.1759044594994439e-05,
                0.0001053852194502769,
                0.9999999943778404
            ]
        ],
        "Translation Vector": [
            0.5959372081816836,
            -0.10746239837824569,
            0.7958081909853755
        ]
    },
    "Frame 6-7": {
        "Fundamental Matrix": [
            [
                5.712661700543976e-07,
                0.0006195047488196756,
                -0.5837841703495971
            ],
            [
                -0.0006192831866165194,
                -1.6286129931881896e-07,
                0.39208707520708436
            ],
            [
                0.5823028931467997,
                -0.39238328098408926,
                1.0
            ]
        ],
        "Essential Matrix": [
            [
                1.1487426359421238,
                1257.420266954853,
                -133.54036779116166
            ],
            [
                -1256.97055804597,
                -0.3336608820378826,
                -620.8843501558762
            ],
            [
                133.84805697580143,
                620.5153385252182,
                -0.06147625434402926
            ]
        ],
        "Rotation Matrix 1": [
            [
                -0.6115623888735076,
                -0.08342787758068718,
                -0.7867853797305276
            ],
            [
                -0.08390548883056068,
                -0.9819787574012503,
                0.16934458644078698
            ],
            [
                -0.7867345889557885,
                0.16958039171755201,
                0.5935412178488435
            ]
        ],
        "Rotation Matrix 2": [
            [
                0.9999998051402212,
                -0.0004377925357742715,
                0.0004450361952618165
            ],
            [
                0.00043795969352014574,
                0.9999998335666748,
                -0.00037557679575860037
            ],
            [
                -0.00044487169647511315,
                0.00037577163048946316,
                0.9999998304424134
            ]
        ],
        "Translation Vector": [
            -0.44052474755999893,
            0.09466006790989592,
            0.8927359174641137
        ]
    },
    "Frame 7-8": {
        "Fundamental Matrix": [
            [
                1.3700642296350278e-06,
                0.004153861616417587,
                -1.6203797778339524
            ],
            [
                -0.004156816049634686,
                4.363504048426138e-07,
                5.400555930888658
            ],
            [
                1.6177760999618107,
                -5.396707538439872,
                1.0
            ]
        ],
        "Essential Matrix": [
            [
                2.755022574522644,
                8431.169886204805,
                2352.9114053560206
            ],
            [
                -8437.166554045725,
                0.8939696635500813,
                -202.80681382757393
            ],
            [
                -2354.728501487205,
                203.66229287406196,
                0.16406175869769868
            ]
        ],
        "Rotation Matrix 1": [
            [
                -0.9989231788099759,
                0.012680838570108741,
                -0.044628232872610904
            ],
            [
                0.012261636148345335,
                -0.8555607839250551,
                -0.5175571439836486
            ],
            [
                -0.044745224495344016,
                -0.517547042637386,
                0.8544840101149684
            ]
        ],
        "Rotation Matrix 2": [
            [
                0.9999999745453516,
                -0.00019496309584987343,
                -0.00011357238975281958
            ],
            [
                0.00019496021938836868,
                0.9999999806742584,
                -2.5337639546652024e-05
            ],
            [
                0.00011357732746257107,
                2.5315496803623994e-05,
                0.9999999932296584
            ]
        ],
        "Translation Vector": [
            -0.02323190539726401,
            -0.2687514993603983,
            0.9629293380945199
        ]
    },
    "Frame 8-9": {
        "Fundamental Matrix": [
            [
                3.31123407707972e-07,
                0.0013965040133747597,
                -0.9616769075264446
            ],
            [
                -0.0013958358219003204,
                2.0637325210782388e-07,
                1.305755280102946
            ],
            [
                0.960553868963772,
                -1.3068698818143072,
                1.0
            ]
        ],
        "Essential Matrix": [
            [
                0.6658464935117265,
                2834.510070579532,
                199.58358681327763
            ],
            [
                -2833.1538299635126,
                0.42280567338790764,
                -794.757404479742
            ],
            [
                -199.17624647278836,
                794.9034663666077,
                0.04328923597259404
            ]
        ],
        "Rotation Matrix 1": [
            [
                -0.8548040764956981,
                0.03660609412199495,
                -0.5176581735851069
            ],
            [
                0.03623747879002845,
                -0.9908637285600175,
                -0.1299073383419213
            ],
            [
                -0.51768410825259,
                -0.1298039494671554,
                0.8456678418654979
            ]
        ],
        "Rotation Matrix 2": [
            [
                0.999999977240202,
                -0.00019666683394881437,
                8.271488756456113e-05
            ],
            [
                0.0001966642170102527,
                0.9999999801608896,
                3.164500328732556e-05
            ],
            [
                -8.272110944612665e-05,
                -3.162873550849321e-05,
                0.9999999960784205
            ]
        ],
        "Translation Vector": [
            -0.2693936949124936,
            -0.0675992115156728,
            0.9606546641451618
        ]
    },
    "Frame 9-10": {
        "Fundamental Matrix": [
            [
                3.9414669633266647e-07,
                0.00047330562722389547,
                -0.2634088319396059
            ],
            [
                -0.00047312319866200155,
                -2.290019618707161e-08,
                0.704822732939696
            ],
            [
                0.2621676726309348,
                -0.7051281304172827,
                1.0
            ]
        ],
        "Essential Matrix": [
            [
                0.7925782036943528,
                960.6772010529631,
                156.83914864963396
            ],
            [
                -960.3069224208235,
                -0.04691660750944253,
                105.85428734221284
            ],
            [
                -156.90454240359946,
                -105.99497839966912,
                -0.017485087520128673
            ]
        ],
        "Rotation Matrix 1": [
            [
                -0.9765852109500011,
                -0.034311740444753845,
                0.2123770943896578
            ],
            [
                -0.035041526369742955,
                -0.9486446761100266,
                -0.31439683509504557
            ],
            [
                0.21225790252289867,
                -0.31447731707669235,
                0.9252300253779193
            ]
        ],
        "Rotation Matrix 2": [
            [
                0.9999999259030508,
                -0.0003841391341977904,
                2.5120083457910725e-05
            ],
            [
                0.00038413891283688856,
                0.9999999261797811,
                8.81634443186674e-06
            ],
            [
                -2.5123468306409436e-05,
                -8.806694177049268e-06,
                0.9999999996456268
            ]
        ],
        "Translation Vector": [
            0.10824365298849294,
            -0.1602172919420695,
            0.9811288044647636
        ]
    },
    "Frame 10-11": {
        "Fundamental Matrix": [
            [
                4.5612662149765305e-07,
                0.0007846071385460669,
                -0.26098408869564976
            ],
            [
                -0.0007847884962008393,
                -4.5066479766080113e-07,
                1.620388104689798
            ],
            [
                0.2596169343653049,
                -1.6202312818954552,
                1.0
            ]
        ],
        "Essential Matrix": [
            [
                0.9172118444414366,
                1592.5316464239909,
                508.73607084894246
            ],
            [
                -1592.8997514161038,
                -0.9232961699302329,
                821.0411621357655
            ],
            [
                -509.1528204628027,
                -822.1808450554475,
                -0.3596750115972327
            ]
        ],
        "Rotation Matrix 1": [
            [
                0.99999991716996,
                -0.00017777739357904832,
                0.0003661355917937148
            ],
            [
                0.00017765279759622554,
                0.9999999263161545,
                0.0003403045243942915
            ],
            [
                -0.00036619606326687704,
                -0.0003402394511945739,
                0.9999998750687717
            ]
        ],
        "Rotation Matrix 2": [
            [
                -0.6110161727643736,
                -0.24103862751591032,
                0.7540289229635846
            ],
            [
                -0.24087078479398621,
                -0.8507414217601463,
                -0.46714055522321585
            ],
            [
                0.754082556258336,
                -0.4670539726271168,
                0.46175760416058353
            ]
        ],
        "Translation Vector": [
            0.44119315831674627,
            -0.27299897391062217,
            0.854880200553412
        ]
    },
    "Frame 11-12": {
        "Fundamental Matrix": [
            [
                3.0490973718218556e-07,
                0.00028538468928832863,
                -0.12988614618235997
            ],
            [
                -0.0002852771396803599,
                3.5960964341667716e-07,
                0.6137919589606943
            ],
            [
                0.1288004632988804,
                -0.6143534544640031,
                1.0
            ]
        ],
        "Essential Matrix": [
            [
                0.6131341808350581,
                579.2505914982277,
                135.7320464448464
            ],
            [
                -579.0322960662385,
                0.7367475963509773,
                334.4971532957186
            ],
            [
                -135.99821219784633,
                -334.283248025621,
                -0.011521419927248644
            ]
        ],
        "Rotation Matrix 1": [
            [
                0.9999993613506649,
                -0.0011144110996210155,
                -0.0001881121029045918
            ],
            [
                0.00111441210076485,
                0.9999993790290319,
                5.217325913881021e-06
            ],
            [
                0.00018810617184683576,
                -5.426956985549181e-06,
                0.999999982293308
            ]
        ],
        "Rotation Matrix 2": [
            [
                -0.519770683450509,
                -0.19428821453660022,
                0.8319197835834719
            ],
            [
                -0.19595265812215373,
                -0.9207206799446533,
                -0.3374551604244894
            ],
            [
                0.8315293094054189,
                -0.33841619230532616,
                0.44049232500159585
            ]
        ],
        "Translation Vector": [
            0.49004574850903443,
            -0.19882122518636847,
            0.8487197916766238
        ]
    },
    "Frame 12-13": {
        "Fundamental Matrix": [
            [
                2.7254326093136476e-07,
                0.0005487142287111772,
                0.005232131028407313
            ],
            [
                -0.0005486790720102217,
                -5.090646087982176e-07,
                0.8390307487954425
            ],
            [
                -0.006297466768225436,
                -0.838291308355595,
                1.0
            ]
        ],
        "Essential Matrix": [
            [
                0.5480493688970685,
                1113.7354366734135,
                621.9370381613784
            ],
            [
                -1113.6640784660958,
                -1.0429423509226285,
                153.2033297372593
            ],
            [
                -622.377753731477,
                -153.22778789912928,
                0.3675593388413745
            ]
        ],
        "Rotation Matrix 1": [
            [
                -0.9715606988772049,
                -0.11552563431232449,
                0.20669696711362878
            ],
            [
                -0.11543973405541616,
                -0.5310626340872915,
                -0.8394320380337424
            ],
            [
                0.2067449544691535,
                -0.8394202204456374,
                0.5026233354198203
            ]
        ],
        "Rotation Matrix 2": [
            [
                0.9999995884625258,
                0.000507101664164844,
                -0.0007522783271266681
            ],
            [
                -0.0005072645710665069,
                0.9999998479319481,
                -0.0002163763749979397
            ],
            [
                0.0007521684879091828,
                0.00021675789009378832,
                0.9999996936292445
            ]
        ],
        "Translation Vector": [
            0.11879735701263626,
            -0.4843436994629925,
            0.8667746931915551
        ]
    },
    "Frame 13-14": {
        "Fundamental Matrix": [
            [
                4.3041420389603e-07,
                0.00037327819640424714,
                -0.14274336402286486
            ],
            [
                -0.00037333086857162056,
                2.883811383938741e-07,
                0.5261917395272704
            ],
            [
                0.14147511255892556,
                -0.5264045255046677,
                1.0
            ]
        ],
        "Essential Matrix": [
            [
                0.8655074867874194,
                757.6496713952992,
                216.08855010674324
            ],
            [
                -757.7565810693347,
                0.5908187236749506,
                40.97885407998558
            ],
            [
                -216.3182871006333,
                -40.73251276916337,
                0.030413419893903892
            ]
        ],
        "Rotation Matrix 1": [
            [
                -0.9946369363533877,
                -0.02747354240233535,
                0.0997124330733852
            ],
            [
                -0.029283112974638523,
                -0.8498249193935881,
                -0.526250991136545
            ],
            [
                0.09919608931838894,
                -0.5263485640196507,
                0.8444627434164221
            ]
        ],
        "Rotation Matrix 2": [
            [
                0.9999995563787066,
                -0.0009313945208161423,
                -0.0001405227272766596
            ],
            [
                0.0009313695387998689,
                0.9999995504795345,
                -0.00017774000991133132
            ],
            [
                0.00014068821018023425,
                0.0001776090524744367,
                0.9999999743309259
            ]
        ],
        "Translation Vector": [
            0.05184149753121923,
            -0.2740818537198877,
            0.9603080737946498
        ]
    },
    "Frame 14-15": {
        "Fundamental Matrix": [
            [
                4.6850596621101527e-07,
                0.0005921692594683593,
                -0.2543249427870161
            ],
            [
                -0.0005923081935383316,
                1.1925306117505725e-07,
                0.7958673284813519
            ],
            [
                0.2530992804985017,
                -0.7961961810385778,
                1.0
            ]
        ],
        "Essential Matrix": [
            [
                0.9421051110528829,
                1201.9369177424992,
                302.86764055934435
            ],
            [
                -1202.2189147985127,
                0.24431882677967404,
                8.86449177497343
            ],
            [
                -302.9894622521017,
                -9.330964455006544,
                -0.13273850686152855
            ]
        ],
        "Rotation Matrix 1": [
            [
                -0.9998921961109182,
                -0.003174458637234939,
                0.014335932786042196
            ],
            [
                -0.003998625202976663,
                -0.8805787350648756,
                -0.4738830049158019
            ],
            [
                0.014128239556701911,
                -0.47388924250704867,
                0.8804711117822801
            ]
        ],
        "Rotation Matrix 2": [
            [
                0.9999997958989706,
                -0.0005285012129839395,
                0.00035901042534380433
            ],
            [
                0.0005285125810721219,
                0.9999998598388543,
                -3.157093079519946e-05
            ],
            [
                -0.00035899368974921537,
                3.1760665878011185e-05,
                0.9999999350573934
            ]
        ],
        "Translation Vector": [
            0.007577348569133226,
            -0.24437086156278479,
            0.9696522396239408
        ]
    },
    "Frame 15-16": {
        "Fundamental Matrix": [
            [
                -6.983642725845972e-07,
                0.00014631730686281448,
                -2.9360240138473443
            ],
            [
                -0.00014758048524193948,
                9.258816757025589e-07,
                1.6705843504636866
            ],
            [
                2.9377673101374384,
                -1.6712495578573139,
                1.0
            ]
        ],
        "Essential Matrix": [
            [
                -1.4043205381131574,
                296.9829487281438,
                -4001.0281245927545
            ],
            [
                -299.5468452886096,
                1.896893232890541,
                2110.56524509785
            ],
            [
                3999.445808030185,
                -2111.836666070238,
                0.805393582722445
            ]
        ],
        "Rotation Matrix 1": [
            [
                0.9999998669780563,
                -0.0003962753506652761,
                -0.0003301661943881061
            ],
            [
                0.0003959855257409939,
                0.9999995366658423,
                -0.0008774186937159853
            ],
            [
                0.00033051374081143406,
                0.0008772878359659328,
                0.9999995605632634
            ]
        ],
        "Rotation Matrix 2": [
            [
                -0.5661704426860068,
                0.8220158141232905,
                0.061163969458781525
            ],
            [
                0.8219969734823,
                0.5575115168379214,
                0.11619760831884002
            ],
            [
                0.06141665421259683,
                0.11606424912221516,
                -0.9913410536546072
            ]
        ],
        "Translation Vector": [
            -0.465555417618065,
            -0.8825346461963378,
            -0.06626274511046025
        ]
    },
    "Frame 16-17": {
        "Fundamental Matrix": [
            [
                2.983769754235423e-07,
                0.0005264573216856363,
                -0.1708754405825117
            ],
            [
                -0.0005258465255219202,
                4.851467489709692e-07,
                0.651418090374277
            ],
            [
                0.16973160285256672,
                -0.6524579978654519,
                1.0
            ]
        ],
        "Essential Matrix": [
            [
                0.5999976389637074,
                1068.56018010441,
                347.3510967139
            ],
            [
                -1067.3204358139938,
                0.9939408125596346,
                -70.63552461006543
            ],
            [
                -347.16130856450593,
                71.40869324831236,
                0.12947462833147938
            ]
        ],
        "Rotation Matrix 1": [
            [
                -0.9920319069465833,
                0.03968472508445911,
                -0.11957348449759322
            ],
            [
                0.03823107865392303,
                -0.8095182498993257,
                -0.5858486047648236
            ],
            [
                -0.1200461587260617,
                -0.5857519318575946,
                0.8015507433096255
            ]
        ],
        "Rotation Matrix 2": [
            [
                0.999999695276764,
                -0.0007311346922112306,
                -0.0002736575246125167
            ],
            [
                0.0007310802429933184,
                0.999999712957185,
                -0.0001990156423550271
            ],
            [
                0.00027380295330144827,
                0.00019881551610106962,
                0.999999942752165
            ]
        ],
        "Translation Vector": [
            -0.06313518295335087,
            -0.3087284611837269,
            0.949052520110755
        ]
    },
    "Frame 17-18": {
        "Fundamental Matrix": [
            [
                2.2556879496679882e-07,
                0.00022692872882358958,
                -0.3398021004957005
            ],
            [
                -0.00022689888465809145,
                1.7337537679569316e-07,
                0.5805393000134241
            ],
            [
                0.3388658016623593,
                -0.5809292514426782,
                1.0
            ]
        ],
        "Essential Matrix": [
            [
                0.453589772507927,
                460.60144546227065,
                -227.50094990021128
            ],
            [
                -460.540870206602,
                0.35520152047943715,
                398.10664435944994
            ],
            [
                227.05963269653367,
                -398.21619537974124,
                -0.015753289894358424
            ]
        ],
        "Rotation Matrix 1": [
            [
                -0.24922079258494712,
                0.4289954249717892,
                0.8682464637973508
            ],
            [
                0.4281305475578764,
                -0.7553656032587074,
                0.4961119225148713
            ],
            [
                0.8686732589363642,
                0.4953642405007478,
                0.004586768142545716
            ]
        ],
        "Rotation Matrix 2": [
            [
                0.9999995507964,
                -0.0009418324904752751,
                -0.00010657653541962242
            ],
            [
                0.0009418359813776478,
                0.9999995559374396,
                3.27094408251738e-05
            ],
            [
                0.00010654568127876907,
                -3.280980374767428e-05,
                0.9999999937857671
            ]
        ],
        "Translation Vector": [
            0.6124878540985219,
            0.35003870390920006,
            0.7087535074674093
        ]
    },
    "Frame 18-19": {
        "Fundamental Matrix": [
            [
                2.69143229361153e-07,
                0.00020839133079590444,
                -0.23998496640511494
            ],
            [
                -0.00020829316413735537,
                1.3006382794641895e-07,
                0.5072594232761447
            ],
            [
                0.23898317688815932,
                -0.507784440110865,
                1.0
            ]
        ],
        "Essential Matrix": [
            [
                0.541212343648611,
                422.97574522182737,
                -106.61573231845915
            ],
            [
                -422.776494536124,
                0.26646730521823186,
                328.67839448340953
            ],
            [
                106.32277819006399,
                -328.94871422643945,
                -0.08726913497834232
            ]
        ],
        "Rotation Matrix 1": [
            [
                0.9999993014901292,
                -0.0011775748920313245,
                0.00010166920573451144
            ],
            [
                0.0011775288225839564,
                0.9999992045571161,
                0.0004520077512101539
            ],
            [
                -0.00010220139784150595,
                -0.0004518877170585356,
                0.9999998926761773
            ]
        ],
        "Rotation Matrix 2": [
            [
                -0.2750504761327907,
                0.23524814048420792,
                0.9322046706479473
            ],
            [
                0.23422679779204278,
                -0.9239921514435795,
                0.30228514893515823
            ],
            [
                0.932461818400738,
                0.3014909890351416,
                0.1990430625653694
            ]
        ],
        "Translation Vector": [
            0.6019831684513686,
            0.1954750976150393,
            0.7742129882103775
        ]
    },
    "Frame 19-20": {
        "Fundamental Matrix": [
            [
                3.580295598123396e-07,
                0.00013309672728739863,
                -0.379273098892227
            ],
            [
                -0.00013274290370037968,
                1.3549246020988133e-07,
                -0.14733040266479808
            ],
            [
                0.3782061381464457,
                0.14641716631388021,
                0.9999999999999999
            ]
        ],
        "Essential Matrix": [
            [
                0.7199512973871036,
                270.1488934110697,
                -388.21889802287745
            ],
            [
                -269.4307311208016,
                0.27758917540385714,
                -464.0691657553018
            ],
            [
                388.45573502146215,
                463.74335889544585,
                -0.05010731966115145
            ]
        ],
        "Rotation Matrix 1": [
            [
                0.9999992087232353,
                -0.0008914898545721583,
                0.0008875802736256211
            ],
            [
                0.0008917030947275806,
                0.9999995736609859,
                -0.00023988213238507194
            ],
            [
                -0.0008873660427283214,
                0.00024067340064884424,
                0.9999995773288209
            ]
        ],
        "Rotation Matrix 2": [
            [
                -0.019105113817599162,
                -0.8208183838931891,
                -0.5708696657635521
            ],
            [
                -0.8214008976303895,
                -0.31264656567327115,
                0.47702483200007456
            ],
            [
                -0.5700311921272441,
                0.47802646959732487,
                -0.6682478090995218
            ]
        ],
        "Translation Vector": [
            0.7003998714689263,
            -0.5858782689961403,
            -0.4076599979939137
        ]
    },
    "Frame 20-21": {
        "Fundamental Matrix": [
