{
    "Frame 0-1": {
        "Fundamental Matrix": [
            [
                1.1570147977747866e-06,
                0.007584096580640713,
                -2.8092193175071594
            ],
            [
                -0.0075826253920458445,
                8.848083527119655e-06,
                6.463091422534102
            ],
            [
                2.8106014190967237,
                -6.475778502816327,
                0.9999999999999999
            ]
        ],
        "Essential Matrix": [
            [
                2.325949246696744,
                15388.979133623207,
                4505.225862682344
            ],
            [
                -15385.993927627038,
                18.121736236011678,
                -5213.667338127225
            ],
            [
                -4497.2441978766055,
                5218.304808511289,
                1.94819865409454
            ]
        ],
        "Rotation Matrix 1": [
            [
                0.9999997907096572,
                -0.000615226190597673,
                0.00020019334640436481
            ],
            [
                0.0006151250269798292,
                0.9999996832983666,
                0.0005049993740225689
            ],
            [
                -0.00020050397184373514,
                -0.0005048761243931776,
                0.9999998524491172
            ]
        ],
        "Rotation Matrix 2": [
            [
                -0.8085678661788855,
                0.16580595876852972,
                -0.5645585796175381
            ],
            [
                0.1645935558582459,
                -0.8574375527103864,
                -0.48755492467204364
            ],
            [
                -0.5649132386064801,
                -0.48714394919661286,
                0.6660058600404846
            ]
        ],
        "Translation Vector": [
            -0.3092064633920785,
            -0.26684991055386764,
            0.9127883041724165
        ]
    },
    "Frame 1-2": {
        "Fundamental Matrix": [
            [
                1.0707338448695904e-07,
                0.0007004593263499081,
                -0.5689431282883326
            ],
            [
                -0.0007000664899528891,
                1.9892632319357638e-07,
                1.4540810451133828
            ],
            [
                0.5682788173185331,
                -1.4551596738430244,
                1.0
            ]
        ],
        "Essential Matrix": [
            [
                0.21524984681932335,
                1421.3102170489306,
                -22.707449322125967
            ],
            [
                -1420.5131081181075,
                0.407420471140954,
                744.9550686249552
            ],
            [
                22.61006970782253,
                -745.2995630741464,
                -0.009402796299639249
            ]
        ],
        "Rotation Matrix 1": [
            [
                -0.5687180384429975,
                0.013284191033604611,
                0.8224252689564764
            ],
            [
                0.012945746619239511,
                -0.9996011651198776,
                0.025098173946589458
            ],
            [
                0.8224306660102233,
                0.02492069340057593,
                0.5683192400811491
            ]
        ],
        "Rotation Matrix 2": [
            [
                0.9999999767644037,
                -0.00021081423568573322,
                -4.5039435227545166e-05
            ],
            [
                0.00021081374568813604,
                0.9999999777195535,
                -1.0883774571746746e-05
            ],
            [
                4.5041728678918425e-05,
                1.0874279386844515e-05,
                0.9999999989264962
            ]
        ],
        "Translation Vector": [
            0.4643501548967631,
            0.014165329684661965,
            0.8855384108452196
        ]
    },
    "Frame 2-3": {
        "Fundamental Matrix": [
            [
                -9.21387368220232e-08,
                0.0009478374096802289,
                0.04563187342518964
            ],
            [
                -0.0009454708668010186,
                -2.297550456703088e-06,
                1.2209430130231869
            ],
            [
                -0.04622945382270197,
                -1.222556911298636,
                1.0
            ]
        ],
        "Essential Matrix": [
            [
                -0.18522669365590078,
                1923.2679811685957,
                1125.0911527467517
            ],
            [
                -1918.4660013151279,
                -4.705606952927953,
                -59.92045612633774
            ],
            [
                -1123.6389042947173,
                56.938127886808445,
                -0.17457397988050616
            ]
        ],
        "Rotation Matrix 1": [
            [
                -0.9986220269571602,
                0.025522950604278154,
                -0.045854402933901764
            ],
            [
                0.02748568850069782,
                -0.4899683787669103,
                -0.8713067913979371
            ],
            [
                -0.044705527662870115,
                -0.8713664939627743,
                0.48859169967919774
            ]
        ],
        "Rotation Matrix 2": [
            [
                0.9999988063910614,
                0.0015052850760100371,
                -0.00034832928754270284
            ],
            [
                -0.0015054770887674186,
                0.9999987146178815,
                -0.0005516351334591829
            ],
            [
                0.000347498471672647,
                0.0005521588767841701,
                0.9999997871826711
            ]
        ],
        "Translation Vector": [
            -0.02677271703771079,
            -0.5052086278922463,
            0.8625818592607039
        ]
    },
    "Frame 3-4": {
        "Fundamental Matrix": [
            [
                1.1710699492753719e-07,
                0.00019660167087818953,
                -0.7775691015056906
            ],
            [
                -0.00019609367865002785,
                8.747767050506173e-08,
                0.1853768429339042
            ],
            [
                0.7768679425789592,
                -0.18631540946070171,
                1.0
            ]
        ],
        "Essential Matrix": [
            [
                0.2354204346897596,
                398.9267513421247,
                -882.271824637419
            ],
            [
                -397.89597836658305,
                0.17916278328234972,
                -108.89295229566
            ],
            [
                882.2889993476468,
                108.71696280936541,
                0.12163036301876673
            ]
        ],
        "Rotation Matrix 1": [
            [
                -0.9750502020387436,
                -0.20220066847595752,
                -0.0916078226576813
            ],
            [
                -0.20242578546400508,
                0.6405224982674483,
                0.740779812489856
            ],
            [
                -0.09110930184940402,
                0.7408412912905862,
                -0.6654722204836292
            ]
        ],
        "Rotation Matrix 2": [
            [
                0.9999999786561785,
                -0.00017606955626210674,
                0.00010810714049479947
            ],
            [
                0.0001759676107274677,
                0.9999995405613281,
                0.0009422911078895702
            ],
            [
                -0.00010827299960358694,
                -0.000942272064421934,
                0.9999995502000565
            ]
        ],
        "Translation Vector": [
            0.11174863912991023,
            -0.9058655015605344,
            -0.4085583614798433
        ]
    },
    "Frame 4-5": {
        "Fundamental Matrix": [
            [
                1.513278753652347e-07,
                -0.0014227414581144953,
                0.4711365489602917
            ],
            [
                0.0014245131273737807,
                4.648487059568361e-08,
                -1.7725515795122349
            ],
            [
                -0.47228979389368725,
                1.7709374837619392,
                0.9999999999999999
            ]
        ],
        "Essential Matrix": [
            [
                0.3042147415805996,
                -2886.9013439719342,
                -923.6641122159522
            ],
            [
                2890.4962588010017,
                0.09520553929200286,
                182.31864420969805
            ],
            [
                924.5836907947808,
                -181.14198531833503,
                0.3509783980402972
            ]
        ],
        "Rotation Matrix 1": [
            [
                -0.9928450545353716,
                0.03626650870119571,
                -0.11376923147881714
            ],
            [
                0.03650131882345921,
                -0.8149824268478321,
                -0.578334935529029
            ],
            [
                -0.11369411334278809,
                -0.5783497075955378,
                0.807827496632389
            ]
        ],
        "Rotation Matrix 2": [
            [
                0.9999999495304358,
                3.36320427595585e-05,
                0.00031592405935297607
            ],
            [
                -3.365627684015146e-05,
                0.9999999964919095,
                7.670355985817112e-05
            ],
            [
                -0.00031592147854728886,
                -7.671418881449732e-05,
                0.9999999471542745
            ]
        ],
        "Translation Vector": [
            -0.059666878803983046,
            -0.30411509923412494,
            0.9507648868104085
        ]
    },
    "Frame 5-6": {
        "Fundamental Matrix": [
            [
                3.511662142321013e-07,
                0.000931316567161797,
                -0.16439909272487963
            ],
            [
                -0.0009313793420684757,
                1.4337869848298924e-07,
                2.0066256786266967
            ],
            [
                0.1632118303741577,
                -2.0069260090537786,
                0.9999999999999999
            ]
        ],
        "Essential Matrix": [
            [
                0.7059501685107167,
                1889.7453462597791,
                809.6510835150898
            ],
            [
                -1889.8727235576184,
                0.2936535293555488,
                1094.1373203196517
            ],
            [
                -810.0765570826901,
                -1094.3630837442074,
                -0.17261026030701032
            ]
        ],
        "Rotation Matrix 1": [
            [
                -0.5585390703216553,
                -0.3265848767137639,
                0.762480442520381
            ],
            [
                -0.3268729805052341,
                -0.7581851611733943,
                -0.5641890782282999
            ],
            [
                0.7623569777603177,
                -0.5643558980628531,
                0.3167242630140996
            ]
        ],
        "Rotation Matrix 2": [
            [
                0.9999999414450149,
                -0.00031644362136964976,
                0.00013028200615256003
            ],
            [
                0.00031643421565602514,
                0.9999999473275993,
                7.220931742318859e-05
            ],
            [
                -0.00013030484946807697,
                -7.216808751053794e-05,
                0.9999999889062063
            ]
        ],
        "Translation Vector": [
            0.46992746544885367,
            -0.34761379809969883,
            0.811377116134981
        ]
    },
    "Frame 6-7": {
        "Fundamental Matrix": [
            [
                6.961438080972647e-07,
                0.0010290137093565477,
                -0.35282299945087414
            ],
            [
                -0.001029642168274381,
                7.992504348720725e-07,
                1.106593410003251
            ],
            [
                0.35117947605664246,
                -1.1063014442175017,
                1.0
            ]
        ],
        "Essential Matrix": [
            [
                1.3994593406674927,
                2087.98376090331,
                652.4628974249529
            ],
            [
                -2089.258974248768,
                1.6369426806241156,
                -380.7300325903957
            ],
            [
                -652.863520542332,
                381.7536683810973,
                0.1130107993975571
            ]
        ],
        "Rotation Matrix 1": [
            [
                0.9999997247522683,
                -0.0006754261025804786,
                -0.000307074856660039
            ],
            [
                0.0006753967724775073,
                0.9999997673491114,
                -9.560817278564393e-05
            ],
            [
                0.00030713936147436227,
                9.540074910285856e-05,
                0.9999999482820535
            ]
        ],
        "Rotation Matrix 2": [
            [
                -0.9410798184352407,
                0.10153404434614965,
                -0.3225827229914963
            ],
            [
                0.10020076691062262,
                -0.8273207676907348,
                -0.5527206832190528
            ],
            [
                -0.3229993523900898,
                -0.5524773164450533,
                0.7684010887350791
            ]
        ],
        "Translation Vector": [
            -0.1716841851983116,
            -0.2939387220793916,
            0.940278984246232
        ]
    },
    "Frame 7-8": {
        "Fundamental Matrix": [
            [
                3.9203543729712717e-07,
                -0.00010816700984860384,
                0.36024533975092615
            ],
            [
                0.00010858603205211703,
                -1.7336549964887086e-06,
                0.5424400707112925
            ],
            [
                -0.3621264733922581,
                -0.5406260848526484,
                1.0
            ]
        ],
        "Essential Matrix": [
            [
                0.7881096523686592,
                -219.4829456359527,
                390.48404830244465
            ],
            [
                220.33318849320344,
                -3.550694167196606,
                981.5977488636083
            ],
            [
                -391.19966012356434,
                -982.117913105642,
                -0.01867878388338795
            ]
        ],
        "Rotation Matrix 1": [
            [
                0.654781476573961,
                -0.6584472539624271,
                -0.3710908671538041
            ],
            [
                -0.6589721779056426,
                -0.7377901028966204,
                0.1463606259008516
            ],
            [
                -0.3701579212740388,
                0.148704330189587,
                -0.9169897139559143
            ]
        ],
        "Rotation Matrix 2": [
            [
                0.9999960389211835,
                -0.0006807493703890333,
                -0.0027310661356563515
            ],
            [
                0.0006871653785485154,
                0.9999970049532217,
                0.0023490185885601533
            ],
            [
                0.0027294588630604466,
                -0.002350885978007436,
                0.9999935116736679
            ]
        ],
        "Translation Vector": [
            0.9100111521808482,
            -0.3620104195904048,
            -0.20205979069192456
        ]
    },
    "Frame 8-9": {
        "Fundamental Matrix": [
            [
                -1.2521646285930593e-07,
                0.0017987260853640826,
                -0.6646665113287439
            ],
            [
                -0.001796569876911054,
                4.064265714211018e-07,
                2.41006208464539
            ],
            [
                0.6644176746731912,
                -2.4142976080110543,
                1.0
            ]
        ],
        "Essential Matrix": [
            [
                -0.25172291488559234,
                3649.8161515281154,
                1070.0182554391488
            ],
            [
                -3645.4409637204994,
                0.8324011752404165,
                20.39341070647515
            ],
            [
                -1068.4319919575098,
                -21.421307607933006,
                -0.3745627334311621
            ]
        ],
        "Rotation Matrix 1": [
            [
                -0.9999394969317513,
                -0.0030682267691134295,
                0.010563543930374942
            ],
            [
                -0.003120260793541353,
                -0.8417534343513313,
                -0.5398531464484759
            ],
            [
                0.010548291257637607,
                -0.5398534446886789,
                0.841692932018151
            ]
        ],
        "Rotation Matrix 2": [
            [
                0.9999999226645596,
                -0.00013678801187159647,
                0.0003687274253751536
            ],
            [
                0.00013676005850183238,
                0.9999999877729047,
                7.583453693782438e-05
            ],
            [
                -0.000368737794122242,
                -7.578410388875412e-05,
                0.999999929144602
            ]
        ],
        "Translation Vector": [
            0.005696277907793647,
            -0.28125185306095707,
            0.9596170838244674
        ]
    },
    "Frame 9-10": {
        "Fundamental Matrix": [
            [
                3.660426066847076e-07,
                0.00046741698118248786,
                -0.1813993513426332
            ],
            [
                -0.0004672590577057405,
                2.562561824844128e-07,
                0.7369561311611391
            ],
            [
                0.1802455672686356,
                -0.7375391001625375,
                1.0
            ]
        ],
        "Essential Matrix": [
            [
                0.7358562111000182,
                948.4412670165098,
                266.5030054550533
            ],
            [
                -948.1208226415558,
                0.5248376028092853,
                163.09384257289764
            ],
            [
                -266.57780190841083,
                -163.04787561942368,
                -0.02195374064325506
            ]
        ],
        "Rotation Matrix 1": [
            [
                -0.9466487802300237,
                -0.08661342722235998,
                0.31040973102305425
            ],
            [
                -0.08779178567778656,
                -0.8574665716201185,
                -0.506994754333361
            ],
            [
                0.31007852111443235,
                -0.5071973903509722,
                0.8041157366726819
            ]
        ],
        "Rotation Matrix 2": [
            [
                0.9999997849992385,
                -0.0006554721538686303,
                1.891380981397517e-05
            ],
            [
                0.0006554724829007028,
                0.9999997850265879,
                -1.739544398193793e-05
            ],
            [
                -1.8902403518900046e-05,
                1.740783772363752e-05,
                0.9999999996698332
            ]
        ],
        "Translation Vector": [
            0.16342286715832802,
            -0.2669128013148743,
            0.9497634036874647
        ]
    },
    "Frame 10-11": {
        "Fundamental Matrix": [
            [
                0.0002706743537933368,
                0.8769007429865507,
                -381.5490285352754
            ],
            [
                -0.8770777867806384,
                -2.795396024555471e-05,
                713.9420356794149
            ],
            [
                381.2653270587325,
                -713.6694380900047,
                1.0
            ]
        ],
        "Essential Matrix": [
            [
                544.1372145944555,
                1779329.5605603533,
                440724.93068880227
            ],
            [
                -1779688.8021950005,
                -57.25243130551746,
                -652391.9515775985
            ],
            [
                -440301.5729130931,
                652381.0013294056,
                115.47374112760008
            ]
        ],
        "Rotation Matrix 1": [
            [
                0.9999999889967328,
                -0.00010467341875700087,
                -0.00010511902518317573
            ],
            [
                0.00010468447140817017,
                0.999999988992934,
                0.00010514415450482706
            ],
            [
                0.00010510801822810611,
                -0.00010515515767739458,
                0.9999999889473485
            ]
        ],
        "Rotation Matrix 2": [
            [
                -0.775185972976518,
                0.151943528241936,
                -0.6131882839111007
            ],
            [
                0.1516604289524302,
                -0.8974981902513758,
                -0.41412089151052267
            ],
            [
                -0.6132583644683647,
                -0.4140171043820498,
                0.6726841871849591
            ]
        ],
        "Translation Vector": [
            -0.3353077607655089,
            -0.2263560842216128,
            0.9145116886657483
        ]
    },
    "Frame 11-12": {
        "Fundamental Matrix": [
            [
                2.612085060996887e-07,
                0.00023401208218653502,
                0.0014674384410895173
            ],
            [
                -0.00023390779128479547,
                3.431586261451576e-09,
                0.6411949384755505
            ],
            [
                -0.0025480829658760073,
                -0.6414256385315882,
                1.0
            ]
        ],
        "Essential Matrix": [
            [
                0.525108001351262,
                474.8366547673991,
                264.4183101746381
            ],
            [
                -474.625036878092,
                0.007028222655283927,
                471.1648561103232
            ],
            [
                -264.8459048285342,
                -471.2882016586835,
                -0.04679446064562853
            ]
        ],
        "Rotation Matrix 1": [
            [
                -0.14174206749381196,
                -0.48175899210544626,
                0.8647643955599262
            ],
            [
                -0.48220426197849364,
                -0.7293280443480241,
                -0.4853448809426788
            ],
            [
                0.8645161861020046,
                -0.4857868640186054,
                -0.1289297743526021
            ]
        ],
        "Rotation Matrix 2": [
            [
                0.9999997792076061,
                -0.0006347882208584676,
                -0.00019654173727157165
            ],
            [
                0.0006348343685327051,
                0.9999997709212327,
                0.00023482505518848673
            ],
            [
                0.0001963926280690309,
                -0.0002349497747905216,
                0.9999999531142683
            ]
        ],
        "Translation Vector": [
            0.6551312145053867,
            -0.3675949073021385,
            0.660058388255334
        ]
    },
    "Frame 12-13": {
        "Fundamental Matrix": [
            [
                2.3157872346559428e-07,
                0.0001128290591607102,
                0.06479628046720878
            ],
            [
                -0.00011269866257246956,
                4.7791781309941044e-08,
                0.331435781995325
            ],
            [
                -0.06580677549959087,
                -0.3317379957627498,
                1.0
            ]
        ],
        "Essential Matrix": [
            [
                0.465543187893297,
                228.94276445828453,
                218.55751955257034
            ],
            [
                -228.6781752149654,
                0.09788221963472342,
                259.26741117191506
            ],
            [
                -218.96850352196984,
                -259.34307182753327,
                -0.007272520944468397
            ]
        ],
        "Rotation Matrix 1": [
            [
                0.9999994749643422,
                -0.0009374089039426159,
                -0.00041392703071801984
            ],
            [
                0.0009374519330808129,
                0.999999555207559,
                0.00010377165923730614
            ],
            [
                0.0004138295701291428,
                -0.00010415964144860901,
                0.9999999089479239
            ]
        ],
        "Rotation Matrix 2": [
            [
                -0.19690702969880847,
                -0.6771493546107645,
                0.7090108413877871
            ],
            [
                -0.6779093011660743,
                -0.4284020349679204,
                -0.5974200162598082
            ],
            [
                0.708284265706727,
                -0.5982812448886978,
                -0.37469047354678325
            ]
        ],
        "Translation Vector": [
            0.6338116284695288,
            -0.5342755155024821,
            0.5593143062280466
        ]
    },
    "Frame 13-14": {
        "Fundamental Matrix": [
            [
                4.4236793479693845e-07,
                7.84536419723012e-05,
                -0.57307811412115
            ],
            [
                -7.77786235844482e-05,
                -2.756811960836505e-07,
                -0.8990833226787017
            ],
            [
                0.5716046358910876,
                0.8984269363989545,
                1.0
            ]
        ],
        "Essential Matrix": [
            [
                0.8892931764421685,
                159.19120312237547,
                -723.9186343216386
            ],
            [
                -157.82151541138325,
                -0.5646219212718526,
                -1435.4628039417926
            ],
            [
                724.2578197942763,
                1435.1891488852084,
                -0.1575320197587189
            ]
        ],
        "Rotation Matrix 1": [
            [
                0.5789160975965859,
                -0.7965208655476752,
                -0.17438653242358776
            ],
            [
                -0.7965310175716251,
                -0.5981714422991097,
                0.08791623094807094
            ],
            [
                -0.17434015598780475,
                0.08800816078629004,
                -0.9807446526212431
            ]
        ],
        "Rotation Matrix 2": [
            [
                0.9999993467303412,
                -0.00028640921304301514,
                0.001106575191174089
            ],
            [
                0.00028699747305310774,
                0.9999998175796628,
                -0.000531481976879529
            ],
            [
                -0.0011064227679775385,
                0.0005317992139621877,
                0.9999992465088436
            ]
        ],
        "Translation Vector": [
            0.888524304257369,
            -0.4480810967548458,
            -0.09873141078163979
        ]
    },
    "Frame 14-15": {
        "Fundamental Matrix": [
            [
                8.97384651773531e-07,
                0.0015655214278854095,
                -1.241763706376132
            ],
            [
                -0.0015654268545119959,
                8.904762681528762e-09,
                0.5572163607020469
            ],
            [
                1.239792437192591,
                -0.5577766600558174,
                1.0
            ]
        ],
        "Essential Matrix": [
            [
                1.8040142259236276,
                3176.6178516852797,
                -7.226234758573355
            ],
            [
                -3176.4259517464297,
                0.01823782066074997,
                -2190.5083551543803
            ],
            [
                7.931044505704027,
                2189.9071290785437,
                -0.3699282083216531
            ]
        ],
        "Rotation Matrix 1": [
            [
                -0.3555592535062999,
                -0.002075007393277121,
                -0.9346514385536249
            ],
            [
                -0.0023848903090832423,
                -0.9999922660304981,
                0.0031273275176772705
            ],
            [
                -0.9346506992156247,
                0.0033409913958322925,
                0.35555155495685375
            ]
        ],
        "Rotation Matrix 2": [
            [
                0.9999999008345715,
                -0.00041678016439758263,
                0.00015692399866990003
            ],
            [
                0.0004168230664248101,
                0.9999998757389921,
                -0.0002734602916350296
            ],
            [
                -0.00015681000634498732,
                0.00027352567405954835,
                0.9999999502971626
            ]
        ],
        "Translation Vector": [
            -0.5675803807980451,
            0.0017333424880246954,
            0.8233161645789334
        ]
    },
    "Frame 15-16": {
        "Fundamental Matrix": [
            [
                4.371421386979853e-07,
                0.000495274314237174,
                -0.25588486324046006
            ],
            [
                -0.0004950477555773216,
                5.527516649494696e-07,
                0.31302271907048934
            ],
            [
                0.2547950885337062,
                -0.3143918882150345,
                0.9999999999999999
            ]
        ],
        "Essential Matrix": [
            [
                0.878787747710291,
                1004.966907551106,
                192.19856106633586
            ],
            [
                -1004.5071947228292,
                1.132089208417701,
                -496.31064902553
            ],
            [
                -191.83690152780565,
                496.03220168875526,
                -0.1736604348475197
            ]
        ],
        "Rotation Matrix 1": [
            [
                0.9999992394623459,
                -0.001081473041145295,
                0.000592866586102081
            ],
            [
                0.0010815377871056242,
                0.9999994092083809,
                -0.00010889859119339595
            ],
            [
                -0.0005927484649497772,
                0.00010953971598806622,
                0.9999998183251382
            ]
        ],
        "Rotation Matrix 2": [
            [
                -0.6190700655130649,
                0.14813330058955015,
                -0.7712384710594342
            ],
            [
                0.1467051824611335,
                -0.9429486271047715,
                -0.29887367913597107
            ],
            [
                -0.771511402005632,
                -0.2981684287406572,
                0.5620193454656457
            ]
        ],
        "Translation Vector": [
            -0.4360693532126155,
            -0.16917911233715055,
            0.8838676072453074
        ]
    },
    "Frame 16-17": {
        "Fundamental Matrix": [
            [
                4.00952706287436e-07,
                0.0005125803708417862,
                -0.16015524583455232
            ],
            [
                -0.0005121325222601251,
                -3.818422619491465e-07,
                0.8175627090099495
            ],
            [
                0.15889568540020374,
                -0.8181942491364899,
                1.0
            ]
        ],
        "Essential Matrix": [
            [
                0.8060360567072131,
                1040.0828295520862,
                347.22479145284535
            ],
            [
                -1039.174094753561,
                -0.7820501166829611,
                192.0798085329692
            ],
            [
                -346.9931246015147,
                -192.99130627267283,
                -0.23150962401655306
            ]
        ],
        "Rotation Matrix 1": [
            [
                -0.9401316208165595,
                -0.10801957247980488,
                0.32324032468444985
            ],
            [
                -0.1078453552125899,
                -0.80541618101398,
                -0.582815712485453
            ],
            [
                0.3232984919542602,
                -0.5827834480509346,
                0.7455478105245601
            ]
        ],
        "Rotation Matrix 2": [
            [
                0.9999999769221017,
                -1.0116943169782844e-05,
                0.0002146006596586425
            ],
            [
                1.0072619106980818e-05,
                0.9999999786194439,
                0.0002065421376656884
            ],
            [
                -0.00021460274464515927,
                -0.00020653997130853918,
                0.9999999556434502
            ]
        ],
        "Translation Vector": [
            0.1731168121449843,
            -0.3118191574598638,
            0.9342373265898655
        ]
    },
    "Frame 17-18": {
        "Fundamental Matrix": [
            [
                3.6924756801688996e-07,
                0.0005073641939858381,
                -0.1317006176861274
            ],
            [
                -0.0005079685453965224,
                3.743681196375849e-07,
                0.9050686250593656
            ],
            [
                0.13060547992588312,
                -0.9049440761504142,
                1.0
            ]
        ],
        "Essential Matrix": [
            [
                0.7422991515106495,
                1029.498624045213,
                381.67271500771955
            ],
            [
                -1030.7249205657686,
                0.7667423457803252,
                326.11298594557115
            ],
            [
                -382.5051726108317,
                -326.2426548135958,
                -0.10844684556968787
            ]
        ],
        "Rotation Matrix 1": [
            [
                0.9999993951360471,
                -0.0008882659758176203,
                0.0006486224604960733
            ],
            [
                0.0008883317209866098,
                0.9999996003246966,
                -0.00010108016790982832
            ],
            [
                -0.0006485324151836447,
                0.00010165629867642245,
                0.9999997845358288
            ]
        ],
        "Rotation Matrix 2": [
            [
                -0.8380036580431698,
                -0.18921496173741983,
                0.5118081353016706
            ],
            [
                -0.19031336535971055,
                -0.7777078848102067,
                -0.5991254199827407
            ],
            [
                0.5114007157520681,
                -0.5994732222199262,
                0.6157119162153124
            ]
        ],
        "Translation Vector": [
            0.2850411306282689,
            -0.33330460866833367,
            0.8986988325855372
        ]
    },
    "Frame 18-19": {
        "Fundamental Matrix": [
            [
                8.62239509923798e-08,
                0.00018750274211846193,
                -1.2262867071156365
            ],
            [
                -0.0001867400957562349,
                1.4589800614688236e-07,
                0.07066364798132216
            ],
            [
                1.2255805280534302,
                -0.07202373111762259,
                1.0
            ]
        ],
        "Essential Matrix": [
            [
                0.17333618743999885,
                380.4640085048041,
                -1528.7261164797055
            ],
            [
                -378.91651384543974,
                0.29881331665214267,
                -255.14166971432547
            ],
            [
                1528.9043129372112,
                254.98046378788044,
                0.03176753183652181
            ]
        ],
        "Rotation Matrix 1": [
            [
                0.9999999894090258,
                -0.0001427110347754501,
                -2.8557119322522584e-05
            ],
            [
                0.00014273798984273944,
                0.9999995422272833,
                0.000946134815898364
            ],
            [
                2.842208237137378e-05,
                -0.0009461388820636296,
                0.9999995520066003
            ]
        ],
        "Rotation Matrix 2": [
            [
                -0.9489053753071092,
                -0.30621940288605565,
                -0.0762119807470069
            ],
            [
                -0.3062945383972532,
                0.8356795093141619,
                0.45587653313200394
            ],
            [
                -0.07590944909092849,
                0.4559270062285727,
                -0.8867741090774826
            ]
        ],
        "Translation Vector": [
            0.15990702302464024,
            -0.9581405762089192,
            -0.23747922058453347
        ]
    },
    "Frame 19-20": {
        "Fundamental Matrix": [
            [
                3.181732596915965e-07,
                0.00046420625589314873,
                -0.2642403025010801
            ],
            [
                -0.0004641367626335491,
                4.120211286746781e-07,
                0.7396565534340587
            ],
            [
                0.2632387968838534,
                -0.7403746166062855,
                0.9999999999999999
            ]
        ],
        "Essential Matrix": [
            [
                0.6396243635967466,
                941.926346754608,
                145.36375466805407
            ],
            [
                -941.7853371682276,
                0.8438593730067274,
                173.09397039054215
            ],
            [
                -145.50263471281357,
                -173.05828504240864,
                -0.006686816417641239
            ]
        ],
        "Rotation Matrix 1": [
            [
                0.9999996875767566,
                -0.0007858516533242668,
                8.534382287680997e-05
            ],
            [
                0.0007858569009351127,
                0.9999996893250286,
                -6.147176012161193e-05
            ],
            [
                -8.529548867827752e-05,
                6.153880894843589e-05,
                0.9999999944688274
            ]
        ],
        "Rotation Matrix 2": [
            [
                -0.9361425828449862,
                -0.05291687628160483,
                0.3476159789033231
            ],
            [
                -0.0543994295862761,
                -0.9549115958445243,
                -0.29186391723258853
            ],
            [
                0.34738705595489017,
                -0.29213635228478624,
                0.891054759837314
            ]
        ],
        "Translation Vector": [
            0.17878613106021835,
            -0.1501064489690051,
            0.972370080431537
